function [BW,maskedImage] = segmentImage(X)
%segmentImage Segment image using auto-generated code from imageSegmenter app
%  [BW,MASKEDIMAGE] = segmentImage(X) segments image X using auto-generated
%  code from the imageSegmenter app. The final segmentation is returned in
%  BW, and a masked image is returned in MASKEDIMAGE.

% Auto-generated by imageSegmenter app on 05-Jul-2022
%----------------------------------------------------


% 图割
foregroundInd = [77863 77864 79693 79696 79699 79701 79708 79709 81528 81529 81531 81551 81553 81554 82197 82200 82202 82205 82207 82210 82212 82448 82474 84053 84281 84286 84314 84316 85872 85895 85897 85898 86119 86121 86123 86124 86158 86792 87039 87041 88632 88660 88663 88878 88879 88918 90472 90503 90505 90759 91392 91427 91638 93232 93268 93478 93519 93521 94856 95072 95112 95318 95992 96234 97613 97832 97873 98076 98078 98121 99453 99672 99715 99916 100373 100836 100882 102211 102432 102477 102676 104270 104971 105190 105238 105438 105482 108651 108870 108920 109118 109571 109790 110082 111453 111630 111682 111878 113249 113470 113762 114169 114443 114638 116522 117848 118070 118072 118125 118318 119045 119282 121078 122448 122672 122725 122727 122961 123160 123162 123163 123165 123167 123168 123170 123172 123173 123647 123838 124075 124077 124078 124093 124097 125206 125432 125912 125913 125915 125937 127091 127272 127328 127518 127559 127750 127778 128438 128649 128650 128668 128698 129804 129851 130032 130090 130319 130489 130507 130540 131643 131691 131872 132118 132347 132380 132850 133038 133249 133265 133300 134403 134451 134632 134690 134878 134919 135087 135102 135103 135142 136472 136925 136940 137211 137392 137452 137638 137679 137845 137902 139003 139051 139232 139478 139518 139684 139697 139742 141072 141133 141524 141582 141759 141761 141811 141992 142053 142239 142278 142444 142454 142502 143599 143832 144284 144342 144519 144571 144813 144999 145038 145204 145262 146358 146359 146592 146841 146878 147044 147103 148198 148251 148493 148718 149118 149354 149413 149603 149636 149804 149863 150958 151011 151194 151253 151443 151474 151476 151642 151703 152798 153093 153283 153314 153718 153771 153955 154012 154204 154206 154234 154402 154465 155795 155852 156046 156074 156305 157398 157451 157692 157886 157888 157913 157914 158082 158145 158319 158371 158555 158612 158808 158809 158831 158833 159000 159065 160159 160452 160649 160903 162051 162235 162491 162509 162680 162919 162971 163155 163212 163413 163428 163429 163600 163663 164811 164997 165050 165052 165254 165266 165502 166599 167096 167098 167099 167101 167103 167104 167280 167342 167519 167569 167571 167757 167810 168200 168262 169359 169409 169597 169650 170102 171199 171249 171439 171488 171490 171880 171940 172119 172169 172360 172408 173959 174009 174248 174640 174700 175799 175849 176040 176087 176480 176538 176718 176719 176769 177007 177457 178558 178802 178845 179240 179297 180398 180448 180449 180643 180685 181080 181135 181137 181318 181605 182000 183208 183405 183442 183443 183840 183892 183893 185048 185280 185680 185732 185968 186168 186198 186650 186652 187806 187808 188008 188010 188035 188037 188038 188440 188488 188490 189646 189850 189852 189853 189872 189873 190280 190328 190773 190792 191247 192615 192617 192618 192620 192623 192625 192627 192628 192630 192632 193040 193085 193087 194880 194922 195802 195837 195838 195840 197644 197677 199484 199515 200404 200405 200432 200433 200435 202247 202249 202268 202270 202272 204089 204090 204092 204105 204107 204371 204373 204374 204376 204378 205012 205014 205015 205017 205019 205020 205022 205023 205025 206204 206206 206208 206209 206211 208026 208029 208031 208033 208034 208036 208038 208039 208041 208043 208044 208919 208921 208923 208924 208926 208928 208931 208934 208936 208939 208941 208944 348090 348092 349933 350134 350136 350138 350139 351772 351979 351981 352692 352695 352904 354333 354530 354538 356173 356370 356586 357093 357290 357300 357509 358933 359130 359351 360771 360968 361193 361691 361903 362098 362113 363727 363936 363938 363954 365326 365369 365567 365587 365776 365796 365798 366289 366696 368325 368536 368558 369924 369969 370165 370188 370376 370399 370403 370844 371083 371296 372729 373163 374523 374569 374762 374976 375004 375489 375682 375712 375928 377283 377329 377520 377736 377768 379169 379609 380280 381883 381929 382120 382153 382334 382371 383769 383959 384174 384213 384643 384879 385094 386483 386529 386531 386717 386719 386934 386974 386976 388371 388557 388597 388774 388816 389243 389291 389307 389309 389475 389477 389694 389736 391131 391147 391315 391578 392923 392971 393155 393197 393374 393419 393843 393891 394075 394294 394339 395731 395733 395915 396134 396181 397754 397755 397798 398021 398443 398493 398674 398894 398941 398943 400283 400333 400514 400783 400985 400987 400988 400990 400992 400993 400995 401203 401253 401434 401480 401654 401704 401902 401903 401905 401917 401918 401920 403274 403494 403544 403742 404883 404933 404944 405114 405386 405580 405603 405803 405853 405866 406034 406080 406256 406306 406308 406497 406499 406525 407644 407693 407706 407874 408096 408148 408337 408365 409533 409546 409762 409936 410175 410177 410404 410453 410466 410634 410682 410856 410908 410909 411095 411097 411128 412246 412293 412306 412523 412696 412749 412935 412937 414133 414146 414314 414774 414810 415006 415053 415066 415235 415285 415456 415509 415694 415697 415730 416848 416906 417296 417349 417534 417537 418688 418746 418915 418965 419136 419191 419374 419377 419412 419666 419835 420056 420111 420294 421506 421727 422173 423288 423289 423346 423515 423567 423736 423791 423793 423974 424013 424266 424656 424713 424894 424933 426049 426106 426275 426551 426553 427889 427946 428115 428336 428391 428574 428809 429090 429313 429497 429533 430649 430651 430706 430877 430930 431096 431153 431337 432491 432546 432993 433174 433411 433466 433690 433856 434099 434133 435251 435306 435477 435530 435696 435753 437091 437370 437536 437593 437779 437813 438290 438458 438733 439851 440077 440128 440298 440351 440353 440534 440539 441919 441968 442191 442413 442888 443059 443109 443111 444728 444899 444948 444949 445139 446568 446786 447439 447661 447663 447664 447703 447704 447706 447899 447933 449280 449328 449504 449541 449543 449740 451344 451346 451379 451858 452040 452088 452266 452268 452269 452293 452294 452296 452500 452533 453698 453927 454111 454113 454129 454131 455954 455958 455964 455968 456456 456458 456640 456687 456878 456881 456883 457100 457133 458296 458480 458942 460136 460365 460812 461056 461242 461702 461730 462894 462896 463125 464733 464734 464922 464965 465382 465410 465653 465883 466303 466328 467489 467491 467493 469324 469326 469328 469329 469523 469562 469983 470007 470008 470243 470244 470445 470480 470905 470925 472074 472076 472078 472079 472081 472083 472285 472318 472320 472745 472765 473913 473914 474585 474603 474831 475047 475077 475505 475523 476668 476669 476671 476887 476888 476890 476915 476917 477345 477347 477358 477360 477362 478506 478508 478730 478753 479187 479188 479190 479192 479193 479195 479197 479426 479650 479672 481264 481490 481492 481507 481508 481512 483332 483333 483342 483343 483345 484255 484257 484258 484260 484262 599227 600147 601987 603827 603839 603840 603843 603847 603850 603852 603853 603855 604747 604752 604754 604755 604777 604778 606585 606618 608425 608460 609345 609383 611185 611223 613024 613025 613065 613944 615533 615534 615536 615538 615784 615827 617366 617368 617369 617371 617378 617379 617381 617624 617668 618286 618318 618544 620126 620141 620154 620156 620158 620382 620384 620428 621983 621994 622222 622270 622904 622911 622913 623190 624744 624749 624751 624982 625030 625032 625463 625465 625467 625468 625470 625472 625475 626588 626822 626872 627300 627302 627317 627508 627742 627792 628219 628238 629344 629346 629582 629633 630055 630057 630059 