function [BW,maskedImage] = segmentImageGrab(X)
%segmentImage Segment image using auto-generated code from imageSegmenter app
%  [BW,MASKEDIMAGE] = segmentImage(X) segments image X using auto-generated
%  code from the imageSegmenter app. The final segmentation is returned in
%  BW, and a masked image is returned in MASKEDIMAGE.

% Auto-generated by imageSegmenter app on 09-Jul-2022
%----------------------------------------------------


% 图割
foregroundInd = [137641 137643 139481 141321 142239 144079 144999 148679 149599 153279 153515 154199 157878 158115 160638 160875 162478 163635 165238 167076 167315 169836 170075 171676 172594 172596 172835 174008 174434 175848 176273 176274 176768 177191 177193 177435 179031 179275 180871 181791 182035 183631 183875 185471 383736 384656 386496 386498 388338 389258 391099 392939 393633 394553 395701 396393 397543 398233 398463 399153 400993 401224 401913 403066 403753 404906 405102 405828 406024 406025 406513 407865 407867 408353 409508 409709 409710 409767 410428 410632 410634 410635 410637 410640 410643 410645 410647 410650 410652 410653 410655 410657 410658 410660 410662 410663 410665 410667 410668 410672 410673 410677 410678 410680 410682 410683 410685 410687 411113 414109 414111 414793 415031 415713 417553 420313 422153 423993 426753 428593 429513 431353 433193 434113 435953 437793 438713 440553 442393 443313 445153 446993 447913 602020 603860 606620 609382 613063 615823 618583 622263 625025 627556 627785 629625 634225 635834 636985 640667 641587 643427 645034 645267 646187 648027 649634 649867 650787 652394 652627 653547 653756 655387 655596 656994 657227 657436 658147 659754 659987 660194 661827 662747 662954 664353 664587 664794 666427 667113 667347 667554 669187 670793 671027 672154 673553 673787 673994 675627 676313 678151 678594 680911 682751 683194 685511 687794 689189 689191 690554 691949 693789 694234 694708 694709 696548 696994 698388 698834 699306 699308 701146 702986 703906 876866 878706 879626 884226 890668 895268 898028 904468 909069 914589 919191 923791 925631 928391 932991 932993 934833 1126631 1127113 1127551 1128953 1129389 1131229 1133553 1133989 1138589 1139993 1140429 1142753 1142973 1143189 1145511 1145949 1147351 1149629 1151951 1154229 1154711 1156773 1156988 1156989 1158613 1159311 1159533 1162071 1162293 1162508 1164133 1164348 1165751 1168509 1168948 1170349 1170788 1171269 1171708 1173109 1174949 1355492 1356412 1358252 1364690 1367450 1370210 1376650 1379410 1383090 1385850 1386081 1387690 1390450 1393210 1395050 1395281 1396890 1397810 1398041 1399648 1401488 1401721 1402408 1404248 1404481 1409081 1410921 1411841 1413681 1418281 1419201 1422883 1423803 1425643 1427483 1428403 1430243 ];
backgroundInd = [76408 83768 88366 90206 92966 95726 99406 102166 104926 108606 113206 115966 118726 123326 127006 129766 132526 137126 140806 143566 148166 152766 155526 160126 162886 166566 172086 175766 178526 183126 185886 190486 194166 195086 198766 203366 208886 212566 217166 222686 229126 233726 235256 238326 242926 243536 247526 248136 250286 250896 253046 255496 256726 259486 260097 264086 266537 266846 270526 271139 273286 276046 276659 279726 280646 281261 285246 287086 289541 289846 291685 294445 295061 296285 298125 299045 300885 302725 303342 303643 304262 307323 308243 310083 311923 312843 313462 314683 315603 317443 319281 320201 322041 323881 324801 325422 326641 329401 331241 333081 335841 337680 338304 338600 342280 343200 345040 347800 349638 349640 350264 352398 354238 356998 358838 360678 361596 364064 365276 366196 369876 370796 373264 374476 375396 377235 379075 381835 383675 385224 386435 387064 389195 391035 391664 392875 395633 398393 401153 401784 402993 404833 407593 408224 410351 412191 414031 414664 414951 415584 416791 419551 420184 423231 424151 426624 427831 430591 431224 432431 435191 437031 437664 439791 440424 442550 444390 446864 447150 448990 449624 451750 453590 455430 456350 456984 458190 460664 460950 461584 464630 465550 469230 469864 470150 473831 474464 476591 478431 479351 481191 481824 483031 483951 485791 486424 486711 488551 490391 491310 491311 493150 493784 500224 507584 512184 514241 518624 521384 527826 528041 530586 530801 535186 535401 539786 540001 544386 544603 550826 551043 553586 556563 558186 560946 561163 562786 567386 569443 570146 574746 576586 576803 578718 579346 582323 583946 585786 586078 586706 586923 589758 590386 590678 591306 593146 593363 594360 594986 595906 597746 598960 599586 599803 600506 602346 604186 604480 605106 605323 606946 608786 609081 609706 609923 611546 613386 615521 616365 620121 622805 623725 626563 630165 633923 639365 645886 648565 657765 657846 667885 668888 677085 679928 686285 693728 699165 699646 705689 706085 706525 710685 713445 715285 717344 717563 717649 718043 722643 726323 728691 729302 729523 733683 736051 738283 740834 741043 741483 743102 745251 748403 748622 752611 754634 755062 755281 756681 759051 759441 761281 761502 763651 765881 766321 768251 768434 768862 770480 771011 773034 773240 774691 774874 775080 775302 776000 776222 777451 778281 779291 779474 779680 782051 782440 783891 784502 784811 784994 785198 786651 788491 788878 789411 789594 790022 791251 791636 793091 794009 794396 795849 796034 796462 798609 798996 800449 800836 801281 802289 803209 803824 805436 806889 807074 807809 808196 808424 809649 811489 812594 812796 813024 814249 814636 816920 817009 817624 819034 820689 821076 823449 824369 824756 826394 826824 828969 831196 831424 832649 832834 835409 835796 836024 838078 838169 838354 840624 841849 842236 843384 844609 844794 844996 845224 849209 849596 849824 851049 851232 852584 854196 854638 855649 856264 856569 856956 858592 859026 860248 860636 861786 863008 863192 864848 865236 865466 867608 867996 868226 869448 870552 870756 871198 872206 872826 874046 875356 875586 876806 876992 878646 879036 879566 880186 881406 881592 881796 883246 884166 884556 884786 886005 887845 888032 888765 888951 889156 889386 889596 890603 892443 892836 893066 893363 895201 895391 895596 897041 897961 898586 899801 900196 901640 901831 902266 902476 902560 902956 904400 906238 906636 906866 907351 907556 908998 910546 911758 912156 913791 913996 914226 914516 915356 916756 918196 919516 919746 920955 921149 921356 923715 924116 924346 924556 925749 927395 927796 928026 930153 930556 931993 932189 932396 932626 932836 934753 935156 937226 937511 937916 939351 939549 939756 939986 942111 942516 942746 942956 943951 944147 944356 945791 946196 946426 946710 947116 948956 949186 950390 950587 950796 951236 951310 951507 951716 953150 953556 953786 954990 955396 956107 956316 956546 957750 958156 958596 959996 960510 960706 960916 961146 962350 962756 964190 964596 964826 965306 965516 965956 966950 967356 968790 968986 969196 969426 970116 971550 971956 972186 973390 973586 973796 974236 974310 974506 974716 974946 976150 976556 977990 978186 978396 978910 979316 979546 979756 980750 980946 981156 982996 983510 983706 983916 984146 985350 985546 985756 985986 986196 987190 987386 987596 988110 988516 990146 990358 990586 991790 992198 992710 992906 993118 993346 993556 994746 995666 995878 996104 997310 997718 998155 999150 999346 999558 999784 1000266 1000478 1001910 1002318 1002544 1003946 1004158 1004595 1004670 1004864 1005078 1005304 1006918 1008350 1008544 1008758 1008984 1009195 1009270 1009464 1009678 1009904 1011518 1012950 1013144 1013358 1013584 1013795 1014064 1014278 1015710 1016118 1017958 1018184 1018393 1018470 1018664 1018878 1019104 1019313 1020504 1020718 1020720 1022150 1022560 1022784 1023264 1023480 1024910 1025320 1025544 1026944 1027160 1027593 1027671 1028080 1028304 1029704 1029920 1030353 1031760 1031984 1032271 1032464 1032680 1032904 1034111 1034520 1034953 1036360 1036584 1037064 1037280 1037713 1038711 1039121 1039344 1040744 1040961 1041184 1041393 1041471 1041881 1043504 1043944 1045561 1045993 1046071 1046264 1046481 1046702 1048321 1049751 1049942 1050161 